10111000
10110000
01100100
01110000
00001100
10000000
00111101
01011000
01000000
00111101
11110000
00111001
10110000
01100001
01110000
00010111
10000000
00111101
01011100
01000000
00111101
11110000
00111001
10110000
01110111
01110000
00100111
10000000
00111110
01000000
00111011
11000000
11111111
11011000
00000111
10001000
11101000
01000000
00111110
11110000
00111001
10110000
01110011
01110000
00000000
10000000
00111110
01000000
00111011
11000000
00000001
11011000
00000111
10001000
11101000
01000000
00111110
01001000
00000000
11101100
01001000
00010000
11101100
11110000
00000000